amqp 5.5 5.6 7.0 7.1 7.2 7.3 7.4 8.0
apcu 5.5 5.6 7.0 7.1 7.2 7.3 7.4 8.0
apcu_bc 7.0 7.1 7.2 7.3 7.4
ast 7.0 7.1 7.2 7.3 7.4 8.0
bcmath 5.5 5.6 7.0 7.1 7.2 7.3 7.4 8.0
bz2 5.5 5.6 7.0 7.1 7.2 7.3 7.4 8.0
calendar 5.5 5.6 7.0 7.1 7.2 7.3 7.4 8.0
cmark 7.0 7.1 7.2 7.3 7.4
csv 7.3 7.4 8.0
dba 5.5 5.6 7.0 7.1 7.2 7.3 7.4 8.0
decimal 7.0 7.1 7.2 7.3 7.4 8.0
ds 7.0 7.1 7.2 7.3 7.4 8.0
enchant 5.5 5.6 7.0 7.1 7.2 7.3 7.4 8.0
ev 5.5 5.6 7.0 7.1 7.2 7.3 7.4 8.0
excimer 7.1 7.2 7.3 7.4 8.0
exif 5.5 5.6 7.0 7.1 7.2 7.3 7.4 8.0
ffi 7.4 8.0
gd 5.5 5.6 7.0 7.1 7.2 7.3 7.4 8.0
gearman 5.5 5.6 7.0 7.1 7.2 7.3 7.4 8.0
geoip 5.5 5.6 7.0 7.1 7.2 7.3 7.4
geospatial 5.5 5.6 7.0 7.1 7.2 7.3 7.4 8.0
gettext 5.5 5.6 7.0 7.1 7.2 7.3 7.4 8.0
gmagick 5.5 5.6 7.0 7.1 7.2 7.3 7.4 8.0
gmp 5.5 5.6 7.0 7.1 7.2 7.3 7.4 8.0
gnupg 5.5 5.6 7.0 7.1 7.2 7.3 7.4 8.0
grpc 5.5 5.6 7.0 7.1 7.2 7.3 7.4 8.0
http 5.5 5.6 7.0 7.1 7.2 7.3 7.4 8.0
igbinary 5.5 5.6 7.0 7.1 7.2 7.3 7.4 8.0
imagick 5.5 5.6 7.0 7.1 7.2 7.3 7.4 8.0
imap 5.5 5.6 7.0 7.1 7.2 7.3 7.4 8.0
inotify 5.5 5.6 7.0 7.1 7.2 7.3 7.4 8.0
interbase 5.5 5.6 7.0 7.1 7.2 7.3
intl 5.5 5.6 7.0 7.1 7.2 7.3 7.4 8.0
ioncube_loader 5.5 5.6 7.0 7.1 7.2 7.3 7.4
json_post 5.5 5.6 7.0 7.1 7.2 7.3 7.4 8.0
ldap 5.5 5.6 7.0 7.1 7.2 7.3 7.4 8.0
mailparse 5.5 5.6 7.0 7.1 7.2 7.3 7.4 8.0
maxminddb 7.2 7.3 7.4 8.0
mcrypt 5.5 5.6 7.0 7.1 7.2 7.3 7.4 8.0
memcache 5.5 5.6 7.0 7.1 7.2 7.3 7.4 8.0
memcached 5.5 5.6 7.0 7.1 7.2 7.3 7.4 8.0
mongo 5.5 5.6
mongodb 5.5 5.6 7.0 7.1 7.2 7.3 7.4 8.0
mosquitto 5.5 5.6 7.0 7.1 7.2 7.3 7.4
msgpack 5.5 5.6 7.0 7.1 7.2 7.3 7.4 8.0
mssql 5.5 5.6
mysql 5.5 5.6
mysqli 5.5 5.6 7.0 7.1 7.2 7.3 7.4 8.0
oauth 5.5 5.6 7.0 7.1 7.2 7.3 7.4 8.0
oci8 5.5 5.6 7.0 7.1 7.2 7.3 7.4 8.0
odbc 5.5 5.6 7.0 7.1 7.2 7.3 7.4 8.0
opcache 5.5 5.6 7.0 7.1 7.2 7.3 7.4 8.0
opencensus 7.0 7.1 7.2 7.3 7.4 8.0
parallel 7.1 7.2 7.3 7.4
pcntl 5.5 5.6 7.0 7.1 7.2 7.3 7.4 8.0
pcov 7.0 7.1 7.2 7.3 7.4 8.0
pdo_dblib 5.5 5.6 7.0 7.1 7.2 7.3 7.4 8.0
pdo_firebird 5.5 5.6 7.0 7.1 7.2 7.3 7.4 8.0
pdo_mysql 5.5 5.6 7.0 7.1 7.2 7.3 7.4 8.0
pdo_oci 7.0 7.1 7.2 7.3 7.4 8.0
pdo_odbc 5.5 5.6 7.0 7.1 7.2 7.3 7.4 8.0
pdo_pgsql 5.5 5.6 7.0 7.1 7.2 7.3 7.4 8.0
pdo_sqlsrv 7.0 7.1 7.2 7.3 7.4 8.0
pgsql 5.5 5.6 7.0 7.1 7.2 7.3 7.4 8.0
propro 5.5 5.6 7.0 7.1 7.2 7.3 7.4
protobuf 5.5 5.6 7.0 7.1 7.2 7.3 7.4 8.0
pspell 5.5 5.6 7.0 7.1 7.2 7.3 7.4 8.0
pthreads 5.5 5.6 7.0
raphf 5.5 5.6 7.0 7.1 7.2 7.3 7.4 8.0
rdkafka 5.5 5.6 7.0 7.1 7.2 7.3 7.4 8.0
recode 5.5 5.6 7.0 7.1 7.2 7.3
redis 5.5 5.6 7.0 7.1 7.2 7.3 7.4 8.0
seaslog 5.5 5.6 7.0 7.1 7.2 7.3 7.4 8.0
shmop 5.5 5.6 7.0 7.1 7.2 7.3 7.4 8.0
smbclient 5.5 5.6 7.0 7.1 7.2 7.3 7.4 8.0
snmp 5.5 5.6 7.0 7.1 7.2 7.3 7.4 8.0
snuffleupagus 7.0 7.1 7.2 7.3 7.4 8.0
soap 5.5 5.6 7.0 7.1 7.2 7.3 7.4 8.0
sockets 5.5 5.6 7.0 7.1 7.2 7.3 7.4 8.0
solr 5.5 5.6 7.0 7.1 7.2 7.3 7.4 8.0
sqlsrv 7.0 7.1 7.2 7.3 7.4 8.0
ssh2 5.5 5.6 7.0 7.1 7.2 7.3 7.4 8.0
swoole 5.5 5.6 7.0 7.1 7.2 7.3 7.4 8.0
sybase_ct 5.5 5.6
sysvmsg 5.5 5.6 7.0 7.1 7.2 7.3 7.4 8.0
sysvsem 5.5 5.6 7.0 7.1 7.2 7.3 7.4 8.0
sysvshm 5.5 5.6 7.0 7.1 7.2 7.3 7.4 8.0
tensor 7.2 7.3 7.4 8.0
tidy 5.5 5.6 7.0 7.1 7.2 7.3 7.4 8.0
timezonedb 5.5 5.6 7.0 7.1 7.2 7.3 7.4 8.0
uopz 5.5 5.6 7.0 7.1 7.2 7.3 7.4
uuid 5.5 5.6 7.0 7.1 7.2 7.3 7.4 8.0
vips 7.0 7.1 7.2 7.3 7.4 8.0
wddx 5.5 5.6 7.0 7.1 7.2 7.3
xdebug 5.5 5.6 7.0 7.1 7.2 7.3 7.4 8.0
xhprof 5.5 5.6 7.0 7.1 7.2 7.3 7.4 8.0
xlswriter 7.0 7.1 7.2 7.3 7.4 8.0
xmlrpc 5.5 5.6 7.0 7.1 7.2 7.3 7.4 8.0
xsl 5.5 5.6 7.0 7.1 7.2 7.3 7.4 8.0
yaml 5.5 5.6 7.0 7.1 7.2 7.3 7.4 8.0
yar 5.5 5.6 7.0 7.1 7.2 7.3 7.4 8.0
zip 5.5 5.6 7.0 7.1 7.2 7.3 7.4 8.0
zookeeper 5.5 5.6 7.0 7.1 7.2 7.3 7.4
zstd 5.5 5.6 7.0 7.1 7.2 7.3 7.4 8.0
